1001
0110
1100
1010
2100
0000
1110
0111
1010
0011
3000
0000
0000
1110
0101
1101
1000
0110
1011
1100
1010
1110
0111
1001
2100
0000
1110
1101
1011
0110
1020
0000
1111
1001
0111
1100
1010
0030
0000
0000
1110
1101
0111
1010
2100
0000
1111
1100
1011
0111
1110
1011
1101
1111
1101
1110
0111
3000
0000
0000
1111
1011
1100
0111
1110
1020
0000
1111
1110
1101
1011
0030
0000
0000
1111
1111
1101
1110
1011
2100
0000
1111
1110
0111
1111
1100
1111
1101
1110
0111
1011
1100
2100
0000
1111
1110
1101
0030
0000
0000
1111
1101
1110
0111
1011
1110
1111
