1010
0011
1101
0101
1210
0001
2121
1010
1100
0011
2012
0101
1210
0010
2101
1001
1212
0101
2110
0011
1010
0011
1101
0101
1210
0001
2121
1010
1100
0011
2012
0101
1210
0010
2101
1001
1212
0101
2110
0011
1110
0101
2121
1010
1212
0110
2121
1101
1011
0201
1111
0101
2121
1010
1212
0110
2121
1101
1110
0101
2121
1010
1212
0101
2121
1101
1011
0201
1111
0101
2121
1010
1212
0110
2121
1101
1110
0101
2121
0101
1110
0101
2121
1010
1212
0110
2121
1101
1011
0201
1111
0101
2121
1010
1212
0110
2121
1101
1210
1010
1111
0101
2120
1001
1110
0011
2101
0101
1212
0001
2121
1010
1100
0011
2012
0101
1210
0010
2101
1001
1212
0101
2110
0011
1010
0011
1101
0101
1210
0001
2121
1010
1100
0011
2012
0101
1210
0010
2101
1001
1212
0101
2110
0011
1110
0101
2121
1010
1212
0110
2121
1101
1011
0201
1111
0101
2121
1010
1212
0110
2121
1101
1110
0101
2121
1010
1212
0101
2121
1101
1011
0201
1111
0101
2121
1010
1212
0110
2121
1101
1110
0101
2121
0101
1110
0101
2121
1010
1212
0110
2121
1101
1011
0201
1111
0101
2121
1010
1212
0110
2121
1101
1110
0101
2121
1110
1010
1201
0101
2121
1100
0011
2101
0101
1212
0001
2121
1010
1100
0011
2012
0101
1210
0010
2101
1001
1212
0101
2110
0011
1110
0101
2121
1010
1212
0110
2121
1101
1011
0201
1111
0101
2121
1010
1212
0110
2121
1101
1110
0101
2121
1010
1212
0101
2121
1101
1011
0201
1111
0101
2121
1010
1212
0110
2121
1101
1110
0101
2121
0101
1110
0101
2121
1010
1212
0110
2121
1101
1011
0201
1111
0101
2121
1010
1212
0110
2121
1101
1110
0101
2121
1110
1210
1010
1100
0011
2121
0101
1210
0001
1111
0101
2121
0110
1212
1010
2121
1100
1011
0101
2121
1110
1212
0101
1111
0101
2121
1010
1212
0110
2121
1101
1011
0201
1111
0101
2121
1010
1212
0110
2121
1101
1110
0101
2121
1010
1212
0101
2121
1101
1011
0201
1111
0101
2121
1010
1212
0110
2121
1101
1110
0101
2121
0101
1110
0101
2121
1010
1212
0110
2121
1101
1011
0201
1111
0101
2121
1010
1212
0110
2121
1101
1110
0101
2121
1110
1210
1011
2121
1101
1212
1010
1111
0101
2121
1001
1100
0011
1210
0101
2121
1110
1212
0101
2121
1100
1010
0011
2121
0101
1212
0110
2121
1101
1110
0101
1210
0001
2121
1010
1111
0101
2121
1100
2012
0101
1210
0001
2121
1010
1100
0011
2121
0101
1212
0110
2121
1101
1110
0101
2121
1010
1212
0110
2121
1101
1011
0201
1111
0101
2121
1110
1212
0101
2121
1101
1010
0101
1111
0001
2121
1010
1210
0110
2121
1101
1110
0101
2121
1010
1212
0011
2121
0101
1111
0000
2121
1101
1212
0101
2121
1010
1110
0011
2121
0101
1212
0110
2121
1101
2110
0011
1010
0101
1210
0001
2121
1010
1212
0101
2121
1101
1110
0011
2121
0101
1212
0110
2121
0101
0000
0000
0000
0000