1000
0001
0100
0000
1010
0000
1100
0000
1001
0000
0101
0000
1000
0001
0100
0000
1010
0000
1100
0000
1001
0000
0101
0000
1000
0000
1100
0000
1010
0000
1001
0000
0101
0000
1100
0001
1010
0000
1000
0100
0010
0000
1010
0000
1100
0000
1001
0000
0201
0000
1010
0000
1100
0001
1010
0000
1000
0100
0010
0000
1010
0000
1100
0000
1001
0000
0101
0000
1000
0000
1100
0001
1010
0000
1000
0100
0010
0000
1010
0000
1100
0000
1001
0000
0201
0000
1010
0000
1100
0001
1010
0000
1000
0100
0010
0000
1010
0000
1100
0000
1001
0000
0101
0000
1010
0000
1010
0000
1100
0001
1010
0000
1200
0000
1001
0000
1100
0000
1010
0000
1001
0000
1100
0001
1010
0000
1200
0000
1001
0000
0101
0000
1010
0000
1100
0000
1010
0000
1100
0001
1010
0000
1200
0000
1001
0000
1100
0000
1010
0000
1001
0000
1100
0001
1010
0000
1200
0000
1001
0000
0101
0000
1010
0000
1110
0000
1010
0000
1210
0000
1010
0000
1100
0000
1010
0000
1001
0000
1210
0000
1010
0000
1100
0000
1010
0000
1110
0000
1010
0000
1210
0000
1010
0000
1100
0000
1010
0000
1001
0000
1210
0000
1010
0000
1100
0000
1010
0000
1110
0000
1010
0000
1210
0000
1010
0000
1100
0000
1010
0000
1001
0000
1210
0000
1010
0000
1100
0000
1010
0000
1110
0000
1010
0000
1210
0000
1010
0000
1100
0000
1010
0000
1001
0000
1210
0000
1010
0000
1110
0000
1010
0000
1100
0000
1010
0000
1010
0000
1110
0000
1010
0000
1100
0001
1010
0000
1200
0000
1001
0000
1010
0000
1110
0000
1010
0000
1100
0001
1010
0000
1200
0000
1001
0000
1010
0000
1110
0000
1010
0000
1100
0001
1010
0000
1200
0000
1001
0000
1010
0000
1110
0000
1010
0000
1100
0001
1010
0000
1200
0000
1001
0000
1010
0000
1110
0000
1010
0000
1100
0001
1010
0000
0000
0000
0000
0000