1000
0100
0010
0001
1100
1010
0101
0011
2000
0000
1001
0110
0010
1010
0100
1001
0010
1100
1010
0101
2000
0000
1100
0011
1000
0100
1010
0010
1100
0001
1010
0100
1001
0011
2000
0000
1010
0101
1100
0010
1000
0110
1010
0100
2000
0000
0011
1000
0101
1100
1010
0010
1001
0110
0100
1000
1100
1011
0010
2000
0000
0100
1010
1100
0011
1000
0110
1010
0101
0010
2000
0000
1000
0110
0011
1010
0100
1001
1100
0010
1010
0101
2000
0000
1011
0100
0010
1100
1010
1000
0110
0011
0100
1001
1100
2000
0000
0110
0010
1010
0101
1100
0011
1000
0100
1010
0110
2000
0000
1001
0010
1010
0100
1100
0011
1010
0101
2000
0000
1100
1000
0110
0011
0100
1010
0010
1100
0101
2000
0000
1000
0011
1010
0100
1001
0110
0010
1100
1010
0101
2000
0000
1100
0010
1010
0100
1000
0111
0010
1010
0100
1100
2000
0000
1011
0100
0010
1100
1001
0110
1000
0011
0101
2000
0000
1100
0010
1010
0100
1001
0110
1000
0011
1010
0100
2000
0000
0010
1100
1001
0110
1010
0100
1000
1100
0011
0101
2000
0000
1000
0110
1010
0100
0011
1100
0010
1010
0101
2000
0000
1001
0100
0011
1100
1010
0010
1000
0110
1010
0101
2000
0000
1100
1010
0100
0011
1000
0110
1010
0010
1100
2000
0000
1000
0011
0100
1100
1010
0101
0010
0110
1001
1100
1010
2000
0000
1010
0100
0011
1000
0101
1100
0010
1010
0110
1000
2000
0000
